Outputting Color Image
Size of color image: 921600 
[  0 113   0],[  0 124   0],[0 6 8]
[0 6 5],[0 6 5],[0 7 6]
[0 6 5],[0 7 6],[0 8 7]
[0 6 5],[0 6 5],[0 7 6]
[0 6 5],[0 5 4],[0 6 4]
[0 6 5],[0 6 5],[0 7 5]
[0 6 5],[0 6 5],[0 7 6]
[0 6 5],[0 6 5],[0 7 6]
[0 6 5],[0 7 6],[0 7 6]
[0 6 5],[0 7 6],[0 6 8]
[0 6 5],[0 7 6],[0 6 8]
[0 6 5],[0 7 6],[0 6 8]
[0 7 6],[0 7 6],[0 6 8]
[0 8 7],[0 7 6],[0 6 8]
[0 6 5],[0 7 6],[0 6 5]
[0 5 3],[0 6 4],[0 6 5]
[0 3 2],[0 4 3],[0 3 3]
[0 4 3],[0 4 3],[0 4 4]
[0 6 8],[0 6 8],[0 7 6]
[0 7 9],[0 7 9],[0 8 7]
[ 0  6 10],[ 0  6 10],[0 8 7]
[ 0  6 10],[0 5 9],[0 8 7]
[0 8 7],[0 7 6],[0 7 6]
[0 7 6],[0 6 5],[0 7 6]
[0 7 6],[0 7 6],[0 7 9]
[0 6 8],[0 6 8],[0 7 9]
[0 7 9],[0 6 8],[0 7 9]
[0 7 6],[0 7 6],[0 8 7]
[0 3 2],[0 4 3],[0 5 5]
[0 2 1],[0 2 1],[0 2 1]
[0 2 1],[0 2 1],[0 2 1]
[0 3 0],[0 4 0],[0 4 0]
[0 3 2],[0 3 2],[0 4 0]
[0 3 2],[0 3 2],[0 4 0]
[0 3 2],[0 3 2],[0 3 2]
[0 3 2],[0 3 2],[0 3 2]
[0 3 2],[0 3 2],[0 3 2]
[0 3 2],[0 3 2],[0 3 2]
[0 3 3],[0 2 2],[0 2 1]
[0 3 3],[0 3 3],[0 3 2]
[0 5 5],[0 4 4],[0 3 2]
[0 4 3],[0 3 2],[0 2 1]
[0 3 2],[0 2 1],[0 3 2]
[0 4 2],[0 4 2],[0 4 2]
[0 6 4],[0 4 2],[0 4 2]
[0 6 5],[0 5 4],[0 5 4]
[0 5 7],[0 5 7],[0 4 6]
[0 4 8],[0 3 7],[0 4 6]
[0 4 6],[0 5 7],[0 6 8]
[0 6 8],[0 6 8],[0 7 9]
[0 6 8],[0 6 8],[0 6 8]
[0 7 9],[0 6 8],[0 6 8]
[ 0  6 10],[ 0  6 10],[0 5 9]
[ 0  7 10],[ 0 10 13],[ 0  8 12]
[ 0  8 14],[ 0  9 15],[ 0  8 14]
[ 0  8 16],[ 0  9 17],[ 0  9 17]
[ 0  9 19],[ 0 10 20],[ 0 10 18]
[ 0 14 26],[ 0 14 26],[ 0 13 22]
[ 0 15 29],[ 0 14 28],[ 0 13 27]
[ 0 17 31],[ 0 15 29],[ 0 15 29]
[ 1 22 38],[ 0 18 34],[ 0 17 31]
[ 1 21 39],[ 0 20 38],[ 0 20 36]
[ 2 23 39],[ 1 22 38],[ 1 22 38]
[ 0 21 37],[ 0 21 37],[ 0 21 37]
[ 2 21 35],[ 1 20 34],[ 0 20 36]
[ 1 17 34],[ 0 16 33],[ 0 16 35]
[ 1 18 32],[ 0 16 30],[ 0 15 32]
[ 0 17 31],[ 0 15 29],[ 0 15 32]
[ 0 15 32],[ 0 14 31],[ 0 15 29]
[ 0 15 29],[ 0 15 29],[ 0 16 28]
[ 0 15 27],[ 0 15 27],[ 0 16 28]
[ 0 13 22],[ 0 13 22],[ 0 16 25]
[ 0 11 19],[ 0 10 18],[ 0 12 22]
[ 0 11 17],[ 0 12 18],[ 0 11 19]
[ 0 12 18],[ 0 12 18],[ 0 11 14]
[ 0 10 13],[ 0 10 13],[ 0  9 13]
[ 0 10 13],[ 0 10 13],[ 0  8 12]
[ 0  6 10],[ 0  8 12],[0 7 9]
[0 7 9],[0 7 9],[0 7 6]
[0 7 6],[0 7 6],[0 6 5]
[0 7 6],[0 7 6],[0 6 5]
[0 7 6],[0 7 6],[0 7 6]
[0 6 5],[0 6 5],[0 7 5]
[0 6 5],[0 5 4],[0 5 3]
[0 6 5],[0 6 5],[0 5 4]
[0 6 5],[0 6 5],[0 5 7]
[0 5 3],[0 6 4],[0 5 4]
[0 4 3],[0 4 3],[0 4 3]
[0 3 2],[0 3 2],[0 3 2]
[0 3 2],[0 3 2],[0 3 2]
[0 2 1],[0 3 2],[0 3 2]
[0 4 3],[0 4 3],[0 3 2]
[0 4 3],[0 3 2],[0 3 2]
[0 3 2],[0 3 2],[0 2 1]
[0 2 1],[0 3 2],[0 3 2]
[0 3 2],[0 2 1],[0 3 2]
[0 3 2],[0 3 2],[0 4 3]
[0 3 2],[0 3 2],[0 3 2]
[0 2 1],[0 2 1],[0 2 1]
[0 2 1],[0 3 2],[0 2 1]
[0 3 2],[0 2 1],[0 3 2]
[0 3 2],[0 3 2],[0 3 2]
[0 2 1],[0 2 1],[0 2 1]
[0 2 1],[0 2 1],[0 2 1]
[0 2 1],[0 2 1],[0 3 2]
[0 2 1],[0 2 1],[0 2 1]
[0 2 1],[0 2 1],[0 3 2]
[0 2 1],[0 2 1],[0 2 1]
[0 2 1],[0 2 1],[0 2 1]
[0 2 1],[0 2 1],[0 2 1]
[0 2 1],[0 3 2],[0 2 1]
[0 2 1],[0 2 1],[0 2 1]
[0 2 1],[0 2 1],[0 2 1]
[0 2 1],[0 2 1],[0 2 1]
[0 2 1],[0 2 1],[0 2 1]
[0 2 1],[0 2 1],[0 2 1]
[0 2 1],[0 2 1],[0 2 1]
[0 3 0],[0 3 0],[0 2 1]
[0 3 0],[0 3 0],[0 3 0]
[0 3 0],[0 3 0],[0 3 2]
[0 4 0],[0 3 0],[0 3 0]
[0 4 3],[0 3 2],[0 3 2]
[0 3 2],[0 3 2],[0 3 2]
[0 2 1],[0 2 1],[0 2 1]
[0 2 1],[0 2 1],[0 2 1]
[0 2 1],[0 2 1],[0 2 1]
[0 1 0],[0 1 0],[0 2 1]
[0 2 1],[0 2 1],[0 2 1]
[0 2 1],[0 2 1],[0 3 2]
[0 2 1],[0 2 1],[0 2 1]
[0 2 1],[0 2 1],[0 2 1]
[0 2 1],[0 2 1],[0 3 2]
[0 2 1],[0 2 1],[0 2 1]
[0 2 1],[0 3 2],[0 2 1]
[0 2 1],[0 2 1],[0 2 1]
[0 2 1],[0 2 1],[0 2 1]
[0 2 1],[0 2 1],[0 2 1]
[0 2 1],[0 2 1],[0 2 1]
[0 2 1],[0 2 1],[0 2 1]
[0 3 0],[0 3 0],[0 4 0]
[0 3 0],[0 3 0],[0 4 0]
[0 2 0],[0 2 0],[0 2 0]
[0 3 0],[0 3 0],[0 2 0]
[0 4 0],[0 3 0],[0 4 0]
[0 3 2],[0 3 2],[0 3 2]
[0 3 2],[0 3 2],[0 2 1]
[0 3 2],[0 2 1],[0 2 1]
[0 3 2],[0 2 1],[0 3 2]
[0 3 2],[0 2 1],[0 3 2]
[0 3 2],[0 2 1],[0 2 1]
[0 2 1],[0 2 1],[0 3 2]
[0 3 2],[0 1 0],[0 3 2]
[0 3 2],[0 2 1],[0 3 2]
[0 2 1],[0 2 1],[0 3 2]
[0 2 1],[0 2 1],[0 2 1]
[0 2 1],[0 3 2],[0 3 2]
[0 2 1],[0 3 2],[0 3 2]
[0 2 1],[0 2 1],[0 3 2]
[0 3 2],[0 3 2],[0 2 1]
[0 3 2],[0 3 2],[0 3 2]
[0 2 1],[0 3 2],[0 3 2]
[0 3 2],[0 3 2],[0 3 2]
[0 3 2],[0 2 1],[0 3 2]
[0 3 2],[0 2 1],[0 3 3]
[0 3 2],[0 3 2],[0 3 3]
[0 3 2],[0 3 2],[0 3 3]
[0 3 2],[0 3 2],[0 3 2]
[0 3 2],[0 3 2],[0 2 1]
[0 2 1],[0 3 2],[0 3 2]
[0 3 2],[0 3 2],[0 3 2]
[0 3 2],[0 3 2],[0 3 2]
[0 3 2],[0 3 2],[0 2 1]
[0 2 1],[0 3 2],[0 2 1]
[0 2 1],[0 3 2],[0 3 2]
[0 2 1],[0 2 1],[0 3 2]
[0 2 1],[0 2 1],[0 2 1]
[0 3 2],[0 2 1],[0 3 2]
[0 3 2],[0 2 1],[0 2 2]
[0 3 2],[0 3 2],[0 2 1]
[0 2 1],[0 2 1],[0 3 3]
[0 2 1],[0 2 1],[0 3 3]
[0 2 1],[0 2 1],[0 3 2]
[0 2 1],[0 2 1],[0 3 2]
[0 2 1],[0 2 1],[0 3 2]
[0 2 1],[0 2 1],[0 3 2]
[0 2 1],[0 3 2],[0 4 3]
[0 3 2],[0 3 2],[0 4 3]
[0 2 1],[0 3 2],[0 4 3]
[0 2 1],[0 3 2],[0 4 3]
[0 3 2],[0 2 1],[0 4 4]
[0 4 4],[0 3 3],[0 5 5]
[0 3 3],[0 3 3],[0 4 4]
[0 3 3],[0 3 3],[0 4 4]
[0 3 3],[0 3 3],[0 4 4]
[0 2 1],[0 2 1],[0 3 3]
[0 2 1],[0 2 1],[0 4 4]
[0 2 1],[0 2 1],[0 4 4]
[0 2 2],[0 3 3],[0 4 4]
[0 3 3],[0 2 2],[0 4 4]
[0 3 2],[0 3 2],[0 6 5]
[0 3 2],[0 3 2],[0 6 5]
[0 2 1],[0 2 1],[0 6 5]
[0 3 3],[0 3 3],[0 5 7]
[0 3 7],[0 3 7],[0 4 8]
[0 2 9],[0 2 9],[0 5 7]
[ 0  2 13],[ 0  2 13],[0 4 8]
[ 0  2 13],[ 0  2 13],[0 4 8]
[ 0  2 13],[ 0  2 13],[0 3 7]
[ 0  2 13],[ 0  2 13],[0 4 8]
[ 0  2 13],[ 0  2 13],[0 4 8]
[ 0  2 11],[ 0  2 11],[0 4 8]
[0 2 9],[0 2 9],[0 5 7]
[0 0 8],[0 1 9],[0 5 7]
[0 1 6],[0 2 7],[0 5 7]
[0 1 6],[0 2 7],[0 5 7]
[0 1 4],[0 3 6],[0 5 7]
[0 2 2],[0 4 4],[0 6 5]
[0 2 1],[0 4 3],[0 4 4]
[0 1 0],[0 4 3],[0 4 4]
[0 2 1],[0 4 3],[0 5 5]
[0 2 2],[0 4 4],[0 4 7]
[0 3 3],[0 5 5],[0 4 7]
[0 3 3],[0 5 5],[0 6 6]
[0 3 3],[0 4 4],[0 5 5]
[0 3 2],[0 4 3],[0 5 5]
[0 3 2],[0 4 3],[0 4 4]
[0 3 3],[0 5 5],[0 4 7]
[0 3 3],[0 5 5],[0 4 7]
[0 3 3],[0 4 4],[0 4 7]
[0 2 1],[0 3 2],[0 5 5]
[0 1 0],[0 2 1],[0 4 4]
[0 1 0],[0 2 1],[0 4 4]
[0 1 0],[0 2 1],[0 2 1]
[0 1 0],[0 1 0],[0 2 1]
[0 1 0],[0 1 0],[0 2 1]
[0 1 0],[0 1 0],[0 2 1]
[0 1 0],[0 1 0],[0 1 0]
[0 1 0],[0 1 0],[0 1 0]
[0 1 0],[0 1 0],[0 1 0]
[0 1 0],[0 1 0],[0 1 0]
[0 1 0],[0 1 0],[0 1 0]
[0 1 0],[0 1 0],[0 1 0]
[0 2 1],[0 2 1],[0 2 1]
[0 4 0],[0 5 1],[0 4 3]
[0 3 0],[0 4 0],[0 4 0]
[0 1 0],[0 2 1],[0 2 1]
[0 2 1],[0 2 1],[0 2 1]
[0 2 1],[0 2 1],[0 2 1]
[0 3 2],[0 3 2],[0 2 1]
[0 2 1],[0 2 1],[0 2 1]
[0 1 0],[0 2 1],[0 1 0]
[0 1 0],[0 1 0],[0 1 0]
[0 1 0],[0 1 0],[0 1 0]
[0 1 0],[0 1 0],[0 1 0]
[0 1 0],[0 1 0],[0 1 0]
[0 1 0],[0 1 0],[0 1 0]
[0 2 0],[0 2 0],[0 2 0]
[0 1 0],[0 1 0],[0 1 0]
[0 1 0],[0 1 0],[0 1 0]
[0 1 0],[0 1 0],[0 1 0]
[0 1 0],[0 1 0],[0 1 0]
[0 1 0],[0 1 0],[0 1 0]
[0 1 0],[0 1 0],[0 1 0]
[0 1 0],[0 1 0],[0 1 0]
[0 1 0],[0 1 0],[0 1 0]
[0 1 0],[0 1 0],[0 1 0]
[0 1 0],[0 1 0],[0 1 0]
[0 1 0],[0 1 0],[0 1 0]
[0 1 0],[0 1 0],[0 1 0]
[0 1 0],[0 1 0],[0 1 0]
[0 1 0],[0 1 0],[0 1 0]
[0 1 0],[0 1 0],[0 1 0]
[0 1 0],[0 1 0],[0 1 0]
[0 2 1],[0 1 0],[0 1 0]
[0 1 0],[0 1 0],[0 1 0]
[0 1 0],[0 1 0],[0 1 0]
[0 1 0],[0 1 0],[0 1 0]
[0 1 0],[0 1 0],[0 1 0]
[0 1 0],[0 1 0],[0 1 0]
[0 1 0],[0 1 0],[0 1 0]
[0 1 0],[0 1 0],[0 1 0]
[0 1 0],[0 1 0],[0 1 0]
[0 1 0],[0 1 0],[0 1 0]
[0 1 0],[0 1 0],[0 1 0]
[0 1 0],[0 1 0],[0 1 0]
[0 2 0],[0 2 0],[0 1 0]
[0 2 0],[0 2 0],[0 2 0]
[0 2 0],[0 2 0],[0 2 0]
[0 2 0],[0 2 0],[0 2 0]
[0 2 0],[0 2 0],[0 2 0]
[0 2 0],[0 2 0],[0 2 0]
[0 2 0],[0 2 0],[0 2 0]
[0 2 0],[0 2 0],[0 2 0]
[0 2 0],[0 2 0],[0 2 0]
[0 2 0],[0 2 0],[0 2 0]
[0 2 0],[0 2 0],[0 2 0]
[0 2 0],[0 2 0],[0 2 0]
[0 2 0],[0 2 0],[0 2 0]
[0 2 0],[0 2 0],[0 2 0]
[0 2 0],[0 2 0],[0 2 0]
[0 2 0],[0 2 0],[0 2 0]
[0 2 0],[0 2 0],[0 2 0]
[0 2 0],[0 2 0],[0 2 0]
[0 1 0],[0 1 0],[0 2 0]
[0 1 0],[0 1 0],[0 1 0]
[0 1 0],[0 1 0],[0 1 0]
[0 2 0],[0 2 0],[0 1 0]
[0 2 0],[0 2 0],[0 2 0]
[0 2 0],[0 2 0],[0 2 0]
[0 2 0],[0 2 0],[0 2 0]
[0 2 0],[0 2 0],[0 2 0]
[0 2 0],[0 2 0],[0 2 0]
[0 2 0],[0 2 0],[0 2 0]
[0 2 0],[0 2 0],[0 2 0]
[0 2 0],[0 2 0],[0 2 0]
[0 2 0],[0 2 0],[0 2 0]
[0 2 0],[0 2 0],[0 2 0]
[0 2 0],[0 2 0],[0 2 0]
[0 2 0],[0 2 0],[0 2 0]
[0 2 0],[0 2 0],[0 2 0]
[0 2 0],[0 2 0],[0 2 0]
[0 1 0],[0 1 0],[0 2 0]
[0 1 0],[0 1 0],[0 1 0]
[0 1 0],[0 1 0],[0 1 0]
[0 1 0],[0 1 0],[0 1 0]
[0 1 0],[0 1 0],[0 1 0]
[0 1 0],[0 1 0],[0 1 0]
[0 1 0],[0 1 0],[0 1 0]
[0 1 0],[0 1 0],[0 2 1]
[0 2 1],[0 1 0],[0 1 0]
[0 1 0],[0 1 0],[0 2 1]
[0 2 1],[0 2 1],[0 2 1]
[0 2 1],[0 3 2],[0 3 2]
[0 3 2],[0 3 2],[0 3 2]
[0 3 2],[0 4 3],[0 3 2]
[0 3 2],[0 4 3],[0 3 2]
[0 3 2],[0 3 2],[0 3 2]
[0 3 2],[0 3 2],[0 3 2]
[0 3 2],[0 3 2],[0 3 2]
[0 3 2],[0 3 2],[0 3 2]
[0 3 2],[0 3 2],[0 2 1]
[0 2 1],[0 3 2],[0 2 1]
[0 2 1],[0 2 1],[0 3 2]
[0 2 1],[0 2 1],[0 3 2]
[0 2 1],[0 2 1],[0 3 2]
[0 2 1],[0 2 1],[0 2 1]
[0 2 1],[0 2 1],[0 2 1]
[0 2 1],[0 2 1],[0 2 1]
[0 2 1],[0 2 1],[0 2 1]
[0 1 0],[0 2 1],[0 2 1]
[0 2 1],[0 2 1],[0 1 0]
[0 1 0],[0 1 0],[0 2 1]
[0 1 0],[0 1 0],[0 1 0]
[0 1 0],[0 1 0],[0 1 0]
[0 1 0],[0 1 0],[0 1 0]
[0 1 0],[0 1 0],[0 1 0]
[0 1 0],[0 1 0],[0 1 0]
[0 1 0],[0 1 0],[0 1 0]
[0 1 0],[0 1 0],[0 1 0]
[0 1 0],[0 1 0],[0 1 0]
[0 1 0],[0 1 0],[0 1 0]
[0 1 0],[0 1 0],[0 1 0]
[0 1 0],[0 1 0],[0 1 0]
[0 1 0],[0 1 0],[0 1 0]
[0 1 0],[0 1 0],[0 1 0]
[0 1 0],[0 1 0],[0 1 0]
[0 1 0],[0 1 0],[0 1 0]
[0 1 0],[0 1 0],[0 1 0]
[0 1 0],[0 1 0],[0 1 0]
[0 1 0],[0 1 0],[0 1 0]
[0 1 0],[0 1 0],[0 1 0]
[0 1 0],[0 1 0],[0 1 0]
[0 1 0],[0 1 0],[0 1 0]
[0 1 0],[0 1 0],[0 1 0]
[0 1 0],[0 1 0],[0 1 0]
[0 1 0],[0 1 0],[0 1 0]
[0 1 0],[0 1 0],[0 1 0]
[0 1 0],[0 1 0],[0 1 0]
[0 1 0],[0 1 0],[0 1 0]
[0 1 0],[0 1 0],[0 1 0]
[0 1 0],[0 1 0],[0 1 0]
[0 1 0],[0 1 0],[0 1 0]
[0 1 0],[0 1 0],[0 1 0]
[0 1 0],[0 1 0],[0 1 0]
[0 1 0],[0 1 0],[0 1 0]
[0 1 0],[0 1 0],[0 1 0]
[0 1 0],[0 1 0],[0 2 1]
[0 1 0],[0 2 1],[0 1 0]
[0 1 0],[0 1 0],[0 1 0]
[0 1 0],[0 1 0],[0 1 0]
[0 1 0],[0 1 0],[0 1 0]
[0 1 0],[0 1 0],[0 1 0]
[0 1 0],[0 1 0],[0 1 0]
[0 1 0],[0 1 0],[0 1 0]
[0 1 0],[0 1 0],[0 1 0]
[0 1 0],[0 1 0],[0 1 0]
[0 1 0],[0 1 0],[0 1 0]
[0 1 0],[0 1 0],[0 1 0]
[0 1 0],[0 1 0],[0 1 0]
[0 1 0],[0 1 0],[0 1 0]
[0 1 0],[0 1 0],[0 1 0]
[0 1 0],[0 1 0],[0 2 1]
[0 1 0],[0 1 0],[0 1 0]
[0 1 0],[0 1 0],[0 1 0]
[0 1 0],[0 1 0],[0 1 0]
[0 1 0],[0 1 0],[0 1 0]
[0 1 0],[0 1 0],[0 1 0]
[0 1 0],[0 1 0],[0 1 0]
[0 1 0],[0 1 0],[0 1 0]
[0 1 0],[0 1 0],[0 1 0]
[0 1 0],[0 1 0],[0 1 0]
[0 1 0],[0 1 0],[0 1 0]
[0 1 0],[0 1 0],[0 1 0]
[0 1 0],[0 1 0],[0 1 0]
[0 1 0],[0 1 0],[0 1 0]
[0 1 0],[0 1 0],[0 1 0]
[0 1 0],[0 1 0],[0 1 0]
[0 1 0],[0 1 0],[0 1 0]
[0 1 0],[0 1 0],[0 1 0]
[0 1 0],[0 1 0],[0 1 0]
[0 1 0],[0 1 0],[0 1 0]
[0 1 0],[0 1 0],[0 1 0]
[0 1 0],[0 1 0],[0 1 0]
[0 1 0],[0 1 0],[0 1 0]
[0 1 0],[0 1 0],[0 1 0]
[0 1 0],[0 1 0],[0 1 0]
[0 1 0],[0 1 0],[0 1 0]
[0 1 0],[0 1 0],[0 1 0]
[0 1 0],[0 1 0],[0 1 0]
[0 1 0],[0 1 0],[0 1 0]
[0 1 0],[0 1 0],[0 1 0]
[0 1 0],[0 1 0],[0 1 0]
[0 1 0],[0 1 0],[0 1 0]
[0 1 0],[0 1 0],[0 1 0]
[0 1 0],[0 1 0],[0 1 0]
[0 1 0],[0 1 0],[0 1 0]
[0 1 0],[0 1 0],[0 1 0]
[0 1 0],[0 1 0],[0 1 0]
[0 1 0],[0 1 0],[0 1 0]
[0 1 0],[0 1 0],[0 2 1]
[0 1 0],[0 1 0],[0 1 0]
[0 2 1],[0 2 1],[0 1 0]
[0 2 1],[0 3 2],[0 2 1]
[0 2 1],[0 3 2],[0 2 1]
[0 2 1],[0 2 1],[0 2 1]
[0 1 0],[0 1 0],[0 2 1]
[0 1 0],[0 1 0],[0 1 0]
[0 1 0],[0 1 0],[0 1 0]
[0 1 0],[0 1 0],[0 1 0]
[0 1 0],[0 1 0],[0 1 0]
[0 1 0],[0 1 0],[0 1 0]
[0 1 0],[0 1 0],[0 1 0]
[0 1 0],[0 1 0],[0 1 0]
[0 1 0],[0 1 0],[0 1 0]
[0 1 0],[0 1 0],[0 1 0]
[0 1 0],[0 1 0],[0 1 0]
[0 1 0],[0 1 0],[0 1 0]
[0 1 0],[0 1 0],[0 1 0]
[0 1 0],[0 1 0],[0 1 0]
[0 1 0],[0 1 0],[0 1 0]
[0 1 0],[0 1 0],[0 1 0]
[0 1 0],[0 1 0],[0 1 0]
[0 1 0],[0 1 0],[0 1 0]
[0 1 0],[0 1 0],[0 1 0]
[0 1 0],[0 2 1],[0 1 0]
[0 1 0],[0 1 0],[0 2 1]
[0 1 0],[0 1 0],[0 2 1]
[0 2 1],[0 1 0],[0 1 0]
[0 2 1],[0 2 1],[0 2 1]
[0 1 0],[0 2 1],[0 2 1]
[0 2 1],[0 2 1],[0 1 0]
[0 2 1],[0 1 0],[0 1 0]
[0 2 1],[0 2 1],[0 1 0]
[0 1 0],[0 2 1],[0 1 0]
[0 1 0],[0 1 0],[0 1 0]
[0 2 1],[0 2 1],[0 1 0]
[0 2 1],[0 2 1],[0 1 0]
[0 2 1],[0 2 1],[0 1 0]
[0 2 1],[0 2 1],[0 1 0]
[0 2 1],[0 1 0],[0 1 0]
